msg = "3c3,1b,3c3,4d4,5e5,6f6";
pageMessage = msg;
console.log("message is:" + pageMessage);
points = pageMessage.split(',');
console.log(points)
var pointPri = [0,0,0,0,0,0];
for(i = 0; i < points.length; i++) {
  console.log(points[i])
    a = points[i][0];
    b = points[i][1].charCodeAt(0) - 97;
    b = parseInt(b, 10)
    c = points[i][2];

    if (a==0 || b==0 || c==0) {
        pointPri[i] = 0;
    }
    else {
        pointPri[i] = classifier[a,b,c];
    }
    console.log(pointPri[i])
}
console.log(Math.max(pointPri));


var classifier =
    [[[0, 1, 1, 3, 3, 3],
        [0, 1, 1, 3, 3, 3],
        [0, 1, 3, 5, 5, 5],
        [0, 1, 3, 5, 5, 5],
        [0, 1, 3, 5, 5, 5],
        [0, 1, 2, 2, 2, 2],
        [0, 1, 1, 4, 4, 4],
        [0, 1, 1, 6, 6, 6],
        [0, 1, 1, 4, 6, 6],
        [0, 1, 1, 1, 1, 6],
        [0, 1, 1, 1, 1, 1],
        [0, 1, 1, 1, 1, 1],
        [0, 1, 1, 1, 1, 1],
        [0, 1, 1, 1, 1, 1]],

        [[0, 1, 1, 1, 1, 1],
            [0, 1, 1, 1, 1, 1],
            [0, 1, 1, 1, 1, 1],
            [0, 1, 1, 1, 1, 1],
            [0, 1, 1, 1, 1, 1],
            [0, 1, 1, 1, 1, 1],
            [0, 1, 1, 1, 1, 1],
            [0, 1, 1, 1, 1, 1],
            [0, 1, 1, 1, 1, 1],
            [0, 1, 1, 1, 1, 1],
            [0, 1, 1, 1, 1, 1],
            [0, 1, 1, 1, 1, 1],
            [0, 1, 1, 1, 1, 1],
            [0, 1, 1, 1, 1, 1]],

        [[0, 5, 5, 5, 5, 5],
            [0, 5, 5, 5, 5, 5],
            [0, 0, 0, 0, 0, 0],
            [0, 0, 0, 0, 0, 0],
            [0, 0, 0, 0, 0, 0],
            [0, 0, 0, 2, 2, 2],
            [0, 0, 0, 0, 0, 0],
            [0, 0, 0, 4, 4, 4],
            [0, 0, 0, 0, 0, 0],
            [0, 0, 0, 0, 0, 0],
            [0, 0, 0, 0, 0, 0],
            [0, 0, 0, 0, 0, 0],
            [0, 0, 0, 0, 0, 0],
            [0, 0, 0, 0, 0, 0]],

        [[0, 5, 5, 5, 5, 5],
            [0, 5, 5, 5, 5, 5],
            [0, 1, 1, 1, 1, 1],
            [0, 1, 1, 1, 1, 1],
            [0, 1, 1, 1, 1, 1],
            [0, 1, 1, 2, 2, 2],
            [0, 1, 1, 1, 1, 1],
            [0, 1, 1, 1, 1, 1],
            [0, 1, 1, 1, 1, 1],
            [0, 1, 1, 1, 1, 1],
            [0, 1, 1, 1, 1, 1],
            [0, 1, 1, 1, 1, 1],
            [0, 1, 1, 1, 1, 1],
            [0, 1, 1, 1, 1, 1]],

        [[0, 0, 1, 1, 1, 1],
            [0, 0, 1, 1, 1, 1],
            [0, 0, 1, 1, 1, 1],
            [0, 0, 1, 1, 1, 1],
            [0, 0, 1, 1, 1, 1],
            [0, 0, 1, 1, 1, 1],
            [0, 0, 1, 1, 1, 1],
            [0, 0, 1, 1, 1, 1],
            [0, 0, 1, 1, 1, 1],
            [0, 0, 1, 1, 1, 1],
            [0, 0, 1, 1, 1, 1],
            [0, 0, 1, 1, 1, 1],
            [0, 0, 1, 1, 1, 1],
            [0, 0, 1, 1, 1, 1]],

        [[0, 0, 1, 1, 1, 1],
            [0, 0, 1, 1, 1, 1],
            [0, 0, 1, 1, 1, 1],
            [0, 0, 1, 1, 1, 1],
            [0, 0, 1, 1, 1, 1],
            [0, 0, 5, 5, 5, 5],
            [0, 0, 1, 1, 1, 1],
            [0, 0, 1, 1, 1, 1],
            [0, 0, 1, 1, 1, 1],
            [0, 0, 1, 1, 1, 1],
            [0, 0, 5, 5, 5, 5],
            [0, 0, 5, 5, 5, 5],
            [0, 0, 5, 5, 5, 5],
            [0, 0, 5, 5, 5, 5]],

        [[0, 0, 0, 3, 3, 3],
            [0, 0, 0, 3, 3, 3],
            [0, 0, 3, 5, 5, 5],
            [0, 0, 3, 5, 5, 5],
            [0, 0, 3, 5, 5, 5],
            [0, 0, 0, 0, 0, 0],
            [0, 0, 0, 4, 4, 4],
            [0, 0, 0, 6, 6, 6],
            [0, 0, 0, 4, 6, 6],
            [0, 0, 0, 0, 6, 6],
            [0, 0, 0, 0, 0, 0],
            [0, 0, 0, 0, 0, 0],
            [0, 0, 0, 0, 0, 0],
            [0, 0, 0, 0, 0, 0]],

        [[0, 0, 0, 6, 6, 6],
            [0, 0, 0, 6, 6, 6],
            [0, 0, 0, 6, 6, 6],
            [0, 0, 0, 6, 6, 6],
            [0, 0, 0, 6, 6, 6],
            [0, 0, 0, 6, 6, 6],
            [0, 0, 0, 6, 6, 6],
            [0, 0, 0, 6, 6, 6],
            [0, 0, 0, 6, 6, 6],
            [0, 0, 0, 6, 6, 6],
            [0, 0, 0, 6, 6, 6],
            [0, 0, 0, 6, 6, 6],
            [0, 0, 0, 6, 6, 6],
            [0, 0, 0, 6, 6, 6]],

        [[0, 0, 0, 0, 0, 0],
            [0, 0, 0, 0, 0, 0],
            [0, 0, 3, 6, 6, 6],
            [0, 0, 3, 6, 6, 6],
            [0, 0, 3, 6, 6, 6],
            [0, 0, 0, 0, 0, 0],
            [0, 0, 0, 0, 0, 0],
            [0, 0, 0, 0, 0, 0],
            [0, 0, 0, 0, 0, 0],
            [0, 0, 0, 0, 0, 0],
            [0, 0, 0, 0, 0, 0],
            [0, 0, 0, 0, 0, 0],
            [0, 0, 0, 0, 0, 0],
            [0, 0, 0, 0, 0, 0]]];

